Importing module 'gym_38' (/home/yc4ny/isaacgym/python/isaacgym/_bindings/linux-x86_64/gym_38.so)
Setting GYM_USD_PLUG_INFO_PATH to /home/yc4ny/isaacgym/python/isaacgym/_bindings/linux-x86_64/usd/plugInfo.json
PyTorch version 2.4.1+cu118
Device count 1
/home/yc4ny/isaacgym/python/isaacgym/_bindings/src/gymtorch
ninja: no work to do.
Not connected to PVD
+++ Using GPU PhysX
Physics Engine: PhysX
Physics Device: cuda:0
GPU Pipeline: disabled
Using VHACD cache directory '/home/yc4ny/.isaacgym/vhacd'
['thumb_tip', 'index_tip', 'middle_tip', 'ring_tip', 'palm_link']
['thumb_tip', 'index_tip', 'middle_tip', 'ring_tip', 'palm_link']
(260, 25, 3)
Demo name:  24
[0. 0. 0. 0. 0. 0.]
[0. 0. 0. 0. 0. 0.]
0
[ 1.0180001e-01  1.0772133e-01  2.2970140e-04  1.0606843e-01
 -2.9208502e-01 -8.5042715e-02]
[-0.00354482  0.04530661  0.21675186  0.00889088  0.03795212  0.00161644]
1
[ 0.02503198  0.17486316  0.06790709 -0.2734061  -0.38059112  0.34810257]
[ 3.072353    3.1190112  -0.30124366  3.2072663  -5.5787683  -2.4635012 ]
2
[-0.00221696  0.20410979  0.06941568 -0.27003193 -0.4279963   0.31301475]
[ 1.0200154  3.2446089  1.3758726 -5.633656  -6.63024    6.6841273]
3
[-0.01807992  0.18275633  0.04544065 -0.18671542 -0.34499395  0.21745825]
[ 0.19316408  3.3392718   1.5766526  -5.8144526  -7.3438053   6.2852216 ]
4
[-0.18127514  0.30535835  0.01672364 -0.448887   -0.49221793  0.36809456]
[-0.3580804  3.3940845  1.0981368 -4.550355  -6.830171   4.6079993]
5
[-0.29609206  0.3825742  -0.04435214 -0.60620457 -0.5263864   0.400537  ]
[-3.3211224   3.711334    0.55912924 -8.126678   -7.5834      6.577966  ]
6
[-0.27576786  0.42834717 -0.08852819 -0.5401158  -0.4828102   0.31395376]
[-4.0437737  3.9906294 -0.5927155 -9.980984  -7.6124015  7.013801 ]
7
[-0.22119707  0.39081368 -0.08154051 -0.39542383 -0.37007487  0.2033292 ]
[-3.9855404  4.124445  -1.6841364 -9.21836   -6.847429   5.942731 ]
8
[-0.17153767  0.3735016  -0.07645385 -0.2965297  -0.28653955  0.13168478]
[-3.5943322  3.9627278 -1.9081556 -7.173951  -5.7217875  4.4016323]
9
[-0.12236172  0.3238172  -0.05085017 -0.19372378 -0.18670726  0.0607698 ]
[-3.294957   3.8709216 -2.03366   -5.8071938 -4.9507694  3.471771 ]
10
[-0.0684489   0.27224523 -0.02229072 -0.09952089 -0.09474564  0.01673043]
[-3.0814283  3.6614866 -1.7078061 -4.2937155 -4.1188674  1.5547287]
11
[-0.02653736  0.22788048 -0.00191347 -0.0404681  -0.02248502 -0.0017345 ]
[-2.5236428   3.4697182  -1.1264307  -2.9936     -3.3669543   0.33194408]
12
[-0.00073409  0.1888108   0.00710146 -0.00637886  0.01648092 -0.00922251]
[-0.92624366  3.3105476  -0.5796283  -0.6390128  -0.6289266  -0.0519768 ]
13
[ 0.00907546  0.14410792  0.01264562  0.00262752  0.02304029 -0.00535858]
[-0.1543218   3.3070498  -0.09754415  0.03426253  0.49521333 -0.24200872]
14
[ 0.00551665  0.1345051  -0.00847143 -0.00925979 -0.00672662 -0.00212252]
[ 0.19684431  3.2657492   0.31281522  0.15619099  0.62744534 -0.11178543]
15
[-0.00229055  0.10037608 -0.01964363 -0.0133523   0.00142932 -0.00655735]
[ 0.1741406   3.283509   -0.04502159 -0.30951    -0.41562825 -0.03045487]
16
[ 0.00135273  0.08910078 -0.03457299 -0.00607097 -0.01041234  0.00576496]
[ 0.02918422  3.2097375  -0.5477353  -0.42545325  0.10953607 -0.15634406]
17
[-0.00243092  0.05637491 -0.03030372 -0.00030977 -0.00032699 -0.00366747]
[ 0.15738337  3.1896358  -1.0500522  -0.06455859 -0.47819024  0.17746851]
18
[-0.01142377  0.06693044 -0.04655692 -0.03882393 -0.02906799  0.01676381]
[-0.04354708  2.770239   -1.079336   -0.00379116  0.16631484 -0.09932745]
19
[-0.00665456  0.03952819 -0.03613693 -0.01394844 -0.00800323  0.00122392]
[-0.29272136  2.9736607  -1.5604519  -1.0159937  -1.0469396   0.39029488]
20
[-0.00279266  0.01046944 -0.0212577  -0.0019981   0.00839043 -0.00011873]
[-1.8891275e-01  2.2853422e+00 -1.3209709e+00 -1.9350642e-01
  1.4128441e-01  5.3648604e-04]
21
[ 0.00847459  0.01948988 -0.02951014 -0.00266197 -0.0078634   0.01781559]
[-0.15267274  1.3000596  -0.63792026  0.10433108  0.5148686   0.0054083 ]
22
[ 0.0086264   0.01062936 -0.02932289 -0.00082695  0.00809634  0.00503695]
[ 0.20834242  1.5462942  -0.94287956  0.1552969  -0.23316447  0.49482036]
23
[ 0.00683385  0.00224644 -0.02394691  0.00124893  0.01439881  0.00149429]
[ 0.24180132  1.1674324  -0.9715728   0.06294232  0.49197355  0.08944044]
24
[ 0.00840628  0.012077   -0.02700859  0.00690988  0.00027227  0.00412691]
[ 0.25019073  0.8225002  -0.7842706   0.10644253  0.5868258   0.02817984]
25
[-0.00131243  0.07240736 -0.06527683 -0.03900471 -0.05187869  0.03094435]
[ 0.32867312  1.0832009  -0.96240866  0.25292003  0.04461685  0.14248468]
26
[ 0.0044505   0.06258106 -0.05388466 -0.01220113 -0.01684296  0.02292597]
[ 0.08352267  2.9660964  -2.6378846  -1.2356797  -1.7521024   0.73100185]
27
[ 0.00673944  0.03133935 -0.0230667   0.00468776  0.01070547  0.01435053]
[ 0.2797123   2.6428952  -2.4054317  -0.0507566  -0.25045505  0.54834384]
28
[ 0.01268816  0.02660394 -0.01552755  0.01532605 -0.0057584   0.00794101]
[ 0.24720152  1.7522576  -1.1138266   0.37223265  0.6297742   0.3566953 ]
29
[ 0.01130974  0.01066011 -0.01341373  0.00560537  0.00716412  0.01011431]
[ 0.37135586  1.6686025  -0.6233241   0.55225325 -0.07214278  0.26437297]
30
[ 0.00823754 -0.00125211 -0.01688302  0.00272518  0.01513731  0.00481749]
[ 0.35907012  1.2318735  -0.3272899   0.23548633  0.48975778  0.27216262]
31
[ 0.00397861  0.03545415 -0.0543344  -0.02276415 -0.031569    0.0212872 ]
[ 0.33480114  0.92875    -0.33603805  0.11149158  0.6678765   0.10970861]
32
[ 0.00016189  0.01699632 -0.04353684 -0.0172233  -0.00040448  0.01690304]
[ 0.25722903  2.2458389  -1.9325061  -0.7214482  -0.99855644  0.5569372 ]
33
[-0.00498641  0.01903933 -0.04285294 -0.02824423 -0.0121206   0.020275  ]
[ 0.17475379  1.5244831  -1.5689734  -0.32302427  0.41413677  0.38571075]
34
[-0.00063312  0.00540829 -0.02701044 -0.00449327 -0.00197637  0.01126206]
[-0.01693812  1.5506167  -1.581923   -0.7706296  -0.28329718  0.44686884]
35
[ 0.00071633 -0.00632906 -0.01514602 -0.0019356   0.01120114  0.01018155]
[ 0.05554499  0.9605491  -0.92163837  0.07338198  0.16008686  0.25334483]
36
[ 0.00441658 -0.00713217 -0.01461476 -0.00055432  0.00774872  0.01104009]
[ 0.01895001  0.4969664  -0.4025749   0.0800663   0.55172807  0.25579754]
37
[ 0.00557882  0.05552703 -0.07914251 -0.04475757 -0.05141485  0.04557526]
[ 0.10802748  0.45521966 -0.370838    0.12632997  0.3251559   0.26775947]
38
[ 0.00614667  0.03547305 -0.05742377 -0.02431118 -0.00562561  0.0285821 ]
[ 0.19020593  2.6646566  -3.0604963  -1.2851396  -1.8419908   1.1117494 ]
39
[ 0.00773138  0.01687109 -0.03403258 -0.01399475  0.00113332  0.0297724 ]
[ 0.28896102  1.9581058  -2.2624779  -0.34119713  0.3783901   0.6130515 ]
40
[ 0.01033694  0.01938313 -0.03556556 -0.00777698 -0.01354825  0.02765203]
[ 0.34950045  1.3074108  -1.250015   -0.05542886  0.36963734  0.833629  ]
41
[ 0.01020193  0.00478756 -0.02472842 -0.00034666  0.00222433  0.01079452]
[ 0.41684744  1.4841452  -1.2879184  -0.01328944 -0.35157216  0.60320544]
42
[ 0.00206542 -0.00837386 -0.01559258 -0.00830442  0.01447487 -0.00724113]
[ 0.41127402  0.99522895 -0.74354756  0.16139531  0.34828538  0.17161778]
43
[ 0.00609761 -0.0142175  -0.01407838 -0.00274718  0.01502872  0.01329744]
[-0.06534833  0.0858659  -0.07027396  0.03507978 -0.2531143  -0.45798075]
44
[ 0.02191836  0.01674151 -0.04455572  0.0104776  -0.00372684  0.01738369]
[ 0.0235352  -0.21048011 -0.06429392  0.07099702  0.6842637   0.48024392]
45
[ 0.02091622  0.01417351 -0.03864557 -0.00202405  0.02234125  0.01198637]
[ 0.2916151   0.56759614 -1.0755565   0.48990253 -0.55275345  0.42237845]
46
[ 0.02747071  0.0143677  -0.03746837 -0.00047302  0.03913724  0.01429009]
[-0.01041305 -0.11161657 -0.17253585 -0.0651188   0.5995288   0.47132447]
47
[ 0.03812027  0.02529407 -0.04975158  0.00833687  0.0392344   0.01352096]
[ 0.09736021 -0.18164924 -0.23251298  0.02970418  0.8675268   0.54690933]
48
[ 0.04581285  0.03095233 -0.05337894  0.01259542  0.04266298  0.01293457]
[ 0.2809482  -0.08967135 -0.37078166  0.48968333  0.7486523   0.46949828]
49
[ 0.05167633  0.04841447 -0.07324821  0.00521436  0.03318059  0.01681507]
[ 0.27483857 -0.12098082 -0.24340996  0.44033545  0.7090141   0.53613394]
50
[ 0.05454871  0.05253911 -0.0774408   0.00351325  0.04229498  0.01359177]
[ 0.37198502  0.33428913 -0.8895711   0.23688588  0.15942249  0.5554683 ]
51
[ 0.05826324  0.05157411 -0.07571632 -0.00064054  0.0544697   0.0118618 ]
[ 0.1815235   0.17427635 -0.77271223  0.19035605  0.5775441   0.60774887]
52
[ 0.06352031  0.05235314 -0.07555676  0.00342676  0.06185246  0.00743937]
[ 0.3109944   0.16106313 -0.96025     0.11919487  0.85509634  0.39730522]
53
[ 0.06791314  0.05218494 -0.07309645  0.00125039  0.06275392  0.00695693]
[ 0.37435555 -0.11508571 -0.5880976   0.369698    1.265308    0.29674476]
54
[ 0.06696343  0.04788995 -0.06703711 -0.01548633  0.06804705  0.01669574]
[ 0.43125924 -0.01659931 -0.7779211   0.27137473  1.1966288   0.2883827 ]
55
[ 0.06895676  0.050506   -0.06456029 -0.01601136  0.05760336  0.01509583]
[ 0.34559706 -0.12780052 -0.74849623 -0.2574843   1.4673343   0.62285554]
56
[ 0.06123236  0.04882514 -0.05848753 -0.03595972  0.0558238   0.01671684]
[ 0.45420438  0.04010291 -0.8664878  -0.21273685  1.123636    0.53452146]
57
[ 0.05988219  0.04981399 -0.05362928 -0.03344923  0.04746366  0.01663113]
[ 0.23329061  0.05615872 -0.95065665 -0.96950805  1.2295835   0.54363316]
58
[ 0.05705428  0.04712856 -0.04488099 -0.04204413  0.04099602  0.02989578]
[ 0.29520246  0.14321232 -0.899233   -0.63901925  0.86311185  0.38296628]
59
[ 0.06530222  0.05405617 -0.04642582 -0.01619229  0.02812332  0.02001834]
[ 0.05701125  0.14814988 -0.9482688  -1.0320889   0.88390446  0.9790844 ]
60
[ 0.06459737  0.05159044 -0.03959203 -0.02488959  0.02920097  0.0238018 ]
[ 0.37977558  0.28286645 -0.7787728  -0.01561931  0.2504038   0.5748837 ]
61
[ 0.06358427  0.05327821 -0.03882432 -0.03294587  0.02679449  0.02785194]
[ 0.19297484  0.1614195  -0.6332274  -0.50513273  0.45799303  0.6711516 ]
62
[ 0.06296992  0.05805457 -0.04151833 -0.04430354  0.01827055  0.04256666]
[ 0.14624865  0.18670946 -0.608092   -0.64872396  0.32239735  0.7425944 ]
63
[ 0.06642804  0.06074905 -0.0421052  -0.04389238  0.01252937  0.05371618]
[ 0.09834041  0.42687365 -0.90484923 -0.9923945  -0.02691674  1.192867  ]
64
[ 0.07215026  0.05916202 -0.03685248 -0.030972    0.01666403  0.04994267]
[ 0.16102515  0.5094529  -1.0207247  -0.8399504  -0.13258834  1.5084387 ]
65
[ 0.07409057  0.06401908 -0.04059649 -0.04411489  0.00710762  0.06824899]
[ 0.26314107  0.36691025 -0.78782994 -0.37138736  0.03886507  1.3047715 ]
66
[ 0.07401949  0.0609467  -0.03339028 -0.04151881  0.01145172  0.06870806]
[ 0.36714044  0.7466352  -1.3522234  -0.87567264 -0.41693628  2.028793  ]
67
[ 0.0756661   0.05685771 -0.02422345 -0.02456409  0.02037561  0.05030882]
[ 0.43280283  0.56573415 -1.1576703  -0.70638794 -0.08278662  1.9816781 ]
68
[ 0.07252115  0.05589271 -0.02026272 -0.0285483   0.02406132  0.03829533]
[ 0.5027728   0.29007316 -0.68414855 -0.18276855  0.19764723  1.1869226 ]
69
[ 0.06363502  0.0593462  -0.02256596 -0.05159694  0.0205301   0.04668528]
[ 0.41009012  0.23795716 -0.62626123 -0.49544615  0.27044395  0.8943663 ]
70
[ 6.3693553e-02  7.1715355e-02 -3.0948162e-02 -3.7351966e-02
 -8.2254410e-05  4.4293761e-02]
[ 0.19602402  0.35677442 -0.8410102  -1.3310677   0.11312229  0.8297467 ]
71
[ 0.06490818  0.07585454 -0.03010356 -0.02620322 -0.00535107  0.04903281]
[ 0.2609553   0.79277503 -1.3474071  -0.8243343  -0.66900903  0.9639843 ]
72
[ 0.06652361  0.08152473 -0.03421509 -0.02581686 -0.01546633  0.06172854]
[ 0.00947891 -0.00481377 -0.02518855 -0.23782235  0.01086016  0.7797413 ]
73
[ 0.08241862  0.10914648 -0.06589711  0.01228476 -0.05098796  0.04678667]
[ 0.05639266 -0.01522778  0.00498395 -0.40310305 -0.07436223  1.8103834 ]
74
[ 0.07951626  0.0988723  -0.05828011 -0.01593751 -0.02579582  0.05178481]
[-0.07212728 -0.01137589  0.07935201  0.471697   -0.9595969   1.1291394 ]
75
[ 0.08000317  0.09052563 -0.05288613 -0.01903456 -0.01271796  0.03812248]
[ 0.03528625  0.00262095 -0.01880742 -0.35290462  0.14901358  1.2560519 ]
76
[ 0.07489344  0.1041106  -0.07318485 -0.04032803 -0.04371083  0.07143626]
[ 0.04310047  0.00245409 -0.04021083 -0.3707946   0.53600156  0.7791107 ]
77
[ 0.05232829  0.08844435 -0.06842649 -0.12510246 -0.03326023  0.14056164]
[ 0.12406242 -0.01722675  0.04281614 -1.0764314  -0.6983558   2.1774473 ]
78
[ 0.05825946  0.11351407 -0.09814823 -0.06452876 -0.06063044  0.1059556 ]
[ 0.22290745  0.0180359  -0.14897908 -2.9078975  -0.41543382  3.747364  ]
79
[ 0.05093899  0.11627996 -0.10301781 -0.05758548 -0.05795717  0.08997521]
[ 0.14503774 -0.00575259  0.05597734 -1.3103006  -1.2728554   3.2937126 ]
80
[ 0.05431017  0.13352048 -0.12432373 -0.03699404 -0.07615459  0.07130109]
[ 0.01489189 -0.00328037 -0.05445108 -1.3713179  -0.9147198   3.074137  ]
81
[ 0.06595245  0.16210878 -0.15194559 -0.01364917 -0.13772571  0.10407977]
[-0.15187913  0.00266034 -0.01530427 -0.5961931  -1.0451671   2.2018654 ]
82
[ 0.06776083  0.17882943 -0.1775254  -0.03720844 -0.16379285  0.15162814]
[-0.10627064 -0.00331035  0.09089344  0.09262753 -1.4114347   3.3055778 ]
83
[ 0.07892236  0.16763186 -0.15012205 -0.00249362 -0.17243075  0.18426894]
[-1.39082283e-01 -8.90440424e-04  1.02874704e-01 -1.15744956e-01
 -1.70570767e+00  3.82645965e+00]
84
[ 0.08064887  0.16775262 -0.15200365 -0.01792246 -0.14195347  0.12785417]
[-0.17740762  0.00983258  0.1251356  -0.20326965 -2.0326328   4.297097  ]
85
[ 0.09590167  0.15295959 -0.11636388  0.04049557 -0.1347009   0.13030654]
[-0.11320686  0.00819249  0.08714379 -0.48780474 -1.5275651   3.5787153 ]
86
[ 0.129679    0.19433117 -0.15636182  0.11352676 -0.21696794  0.12775357]
[-0.10710977 -0.01515762  0.10288405  0.22368862 -1.1024443   3.5931425 ]
87
[ 0.14596266  0.19961369 -0.14583814  0.13129956 -0.21218872  0.15186192]
[ 0.18779333  0.07574418 -0.4078673   4.055659   -4.542121    3.6681223 ]
88
[ 0.15666667  0.19820762 -0.13551986  0.12311572 -0.20037925  0.14298914]
[ 0.04410635 -0.02293452  0.06963086  2.223105   -0.35022148  3.9345133 ]
89
[ 0.16893393  0.1885854  -0.11529636  0.13443732 -0.19783604  0.11074874]
[ 0.02707002 -0.0317261   0.08241507  2.160857   -0.61289155  3.8047569 ]
90
[ 0.1795893   0.18650317 -0.10895693  0.13269913 -0.19618964  0.06751686]
[ 0.0243247  -0.04854151  0.11956682  2.3913577  -0.8571234   3.379584  ]
91
[ 0.18417048  0.17662752 -0.09409714  0.11081886 -0.17570734  0.02507365]
[ 0.0321553  -0.04048333  0.11114789  2.4248767  -0.83021414  1.884833  ]
92
[ 0.18524784  0.17499113 -0.09271252  0.07765859 -0.16503417  0.0132288 ]
[ 0.01976193 -0.05241283  0.13183063  2.2173698  -0.97478163  0.46265036]
93
[ 0.19438803  0.1705985  -0.08370531  0.0808554  -0.14825904 -0.00028864]
[ 0.00662987 -0.0511235   0.13163084  1.865755   -0.9728885   0.29512057]
94
[ 0.20129329  0.16812873 -0.0793916   0.07352719 -0.13611662 -0.00245211]
[ 0.01713711 -0.03989486  0.11368164  1.9198753  -0.87762845 -0.03344886]
95
[ 0.20627686  0.16109943 -0.07080066  0.05940303 -0.12021148  0.00552875]
[ 0.01590845 -0.04220448  0.12284476  1.9015459  -0.9167322  -0.07778221]
96
[ 0.2054582   0.1612395  -0.07129407  0.0313485  -0.10870516 -0.00108156]
[ 1.0869079e-03 -3.9373748e-02  1.1018575e-01  1.2304673e+00
 -8.0602658e-01  1.2385473e-01]
97
[ 0.21159706  0.16057467 -0.07098055  0.04460603 -0.09657347 -0.00082448]
[-0.03147363 -0.03379657  0.09321813  0.24460351 -0.7180428  -0.05556678]
98
[ 0.21518809  0.16064787 -0.07143188  0.04265362 -0.0903126   0.00520691]
[-0.00815205 -0.03211205  0.09453963  0.8281666  -0.7239646  -0.03729252]
99
[ 0.21415803  0.15937948 -0.06671774  0.02447674 -0.0789597  -0.00280219]
[-0.00780023 -0.02717309  0.08455843  0.71935815 -0.66224277  0.11472756]
100
[ 0.22242656  0.16091847 -0.0686388   0.04430038 -0.072258   -0.00595638]
[-0.03071749 -0.02897077  0.08734861  0.16665716 -0.7190307  -0.0804195 ]
101
[ 0.22452104  0.15915656 -0.06399763  0.03410792 -0.06010735 -0.00739607]
[ 5.9843471e-04 -1.6426681e-02  6.5116636e-02  7.4967462e-01
 -5.5997396e-01 -1.6272029e-01]
102
[ 0.22660485  0.16076732 -0.06568456  0.02801049 -0.05810452 -0.01051557]
[-5.0297240e-03 -2.8657261e-05  2.1748900e-02  3.8466972e-01
 -2.3589049e-01 -1.7153636e-01]
103
[ 0.22875166  0.15836108 -0.06316984  0.02921376 -0.05694842 -0.0036093 ]
[-0.01478886  0.00260987  0.01389686  0.20306687 -0.19030464 -0.24545132]
104
[ 0.23273368  0.15928209 -0.06340933  0.03391591 -0.06112957 -0.00266814]
[-0.01371895  0.00185514  0.01821229  0.28555453 -0.18499757 -0.07629602]
105
[ 0.23983164  0.16057718 -0.06592309  0.04885313 -0.06088448  0.00377834]
[-0.00766536 -0.00698207  0.04042062  0.44944116 -0.37041086 -0.07012126]
106
[ 0.23929864  0.15978122 -0.06514156  0.03128996 -0.05698264  0.0010947 ]
[ 0.24364966  0.0504123  -0.21180719  1.1481618  -0.49444252  0.09509549]
107
[ 0.23590088  0.15146065 -0.04789639  0.02067325 -0.0506258  -0.00965115]
[ 0.34791708  0.10549693 -0.43236423  0.46154705 -0.3548593   0.02438492]
108
[ 0.23675913  0.14760602 -0.04239571  0.03746721 -0.0573535  -0.00025403]
[ 0.7232395   0.18630914 -0.78496736  0.4375742  -0.60666025 -0.23875515]
109
[ 0.22609374  0.13130355 -0.01417398  0.03095755 -0.04527986  0.0002875 ]
[ 1.2507906   0.29022315 -1.2001472   1.1183687  -1.1499919  -0.0080678 ]
110
[ 0.20047946  0.11829746  0.01324189  0.01015505 -0.03167868 -0.00655678]
[ 2.050538    0.34920007 -1.3634119   0.742297   -1.1793184  -0.01736015]
111
[ 0.16773754  0.10273087  0.03912818  0.01770705 -0.02015281 -0.00064021]
[ 2.7972302   0.22604759 -0.82211244  0.41095403 -0.9476945  -0.1717779 ]
112
[ 0.12089895  0.08131278  0.06706333  0.00471047 -0.00624084 -0.00526658]
[ 3.027245    0.0193534  -0.02594345  0.553351   -0.6804344  -0.00767766]
113
[ 0.08008491  0.07781398  0.05362117  0.017904   -0.01150572  0.00524172]
[ 2.8019905  -0.34140277  1.2768357  -0.15248063 -0.13966827 -0.09910135]
114
[ 0.04276921  0.06352603  0.05681551  0.01013234 -0.00658107 -0.00638422]
[ 1.9333639  -0.18832079  0.7657362   0.19742    -0.43023744  0.15836382]
115
[ 0.02408487  0.05388522  0.05326295  0.0143906  -0.00726581  0.00118408]
[ 1.1930562  -0.18577737  0.7896409   0.14256287 -0.35676798 -0.16111574]
116
