Importing module 'gym_38' (/home/yc4ny/isaacgym/python/isaacgym/_bindings/linux-x86_64/gym_38.so)
Setting GYM_USD_PLUG_INFO_PATH to /home/yc4ny/isaacgym/python/isaacgym/_bindings/linux-x86_64/usd/plugInfo.json
PyTorch version 2.4.1+cu118
Device count 1
/home/yc4ny/isaacgym/python/isaacgym/_bindings/src/gymtorch
ninja: no work to do.
Not connected to PVD
+++ Using GPU PhysX
Physics Engine: PhysX
Physics Device: cuda:0
GPU Pipeline: disabled
Using VHACD cache directory '/home/yc4ny/.isaacgym/vhacd'
['thumb_tip', 'index_tip', 'middle_tip', 'ring_tip', 'palm_link']
['thumb_tip', 'index_tip', 'middle_tip', 'ring_tip', 'palm_link']
(260, 25, 3)
Demo name:  24
True
[0. 0. 0. 0. 0. 0.]
[0. 0. 0. 0. 0. 0.]
0
True
[ 1.0180001e-01  1.0772133e-01  2.2970140e-04  1.0606843e-01
 -2.9208502e-01 -8.5042715e-02]
[-0.00354482  0.04530661  0.21675186  0.00889088  0.03795212  0.00161644]
1
True
[ 0.02417746  0.18117201  0.06837691 -0.27543718 -0.40633592  0.34702802]
[ 3.2857451   2.5765078  -0.30524576  3.32646    -3.450142   -2.4317815 ]
2
True
[-0.00517127  0.21614897  0.07636028 -0.30277503 -0.5005893   0.3635049 ]
[ 0.65022373  2.3761184   0.78314984 -3.179304   -2.9346857   2.2450392 ]
3
True
[-0.01655206  0.2057021   0.05939873 -0.24481267 -0.4743197   0.31563663]
[ 0.01411154  2.4373188   0.9915381  -3.2576325  -3.4491365   2.1704667 ]
4
True
[-0.17816512  0.33572257  0.02980446 -0.5094341  -0.65987223  0.4847437 ]
[-0.35486227  2.626025    1.251421   -3.5566142  -3.8802195   2.3718581 ]
5
True
[-0.2711949   0.42299595 -0.02925807 -0.71499264 -0.76862323  0.607932  ]
[-5.798538    2.915886    0.36456126 -3.8471103  -2.4971309  -1.8294277 ]
6
True
[-0.19408923  0.48066133 -0.06633234 -0.7104372  -0.8145616   0.636436  ]
[-8.068686   3.0701187 -1.2205962 -3.9705274 -1.5301917 -2.79817  ]
7
True
[-0.08735442  0.45539662 -0.05573767 -0.62220526 -0.7708216   0.6122409 ]
[-6.263514   3.1680512 -1.6346914 -3.2548814 -2.5524328 -1.1417863]
8
True
[-0.02537519  0.4483008  -0.05275577 -0.57077307 -0.7293818   0.57296896]
[-2.6905189  3.1924944 -1.7590182 -0.8170874 -2.750333   0.033427 ]
9
True
[ 0.00899452  0.40712786 -0.0282957  -0.51529837 -0.65396595  0.5080433 ]
[-0.49181288  3.1777632  -1.8880414   0.45889562 -3.291847    0.7107573 ]
10
True
[ 0.0240702   0.3628614  -0.00521386 -0.45176497 -0.56819093  0.44111657]
[ 0.5821962   3.042683   -1.2813478  -0.61384463 -3.4006934   2.1497333 ]
11
True
[ 0.01676822  0.32470068  0.00521901 -0.3944864  -0.48874104  0.36381686]
[ 1.0202835  2.9143848 -0.53497   -1.8422972 -3.4062855  2.9521742]
12
True
[ 0.00770169  0.2890644   0.00375281 -0.3213891  -0.41137487  0.28230274]
[ 0.77004635  2.9384887  -0.04992355 -3.0603237  -3.3735697   3.1765342 ]
13
True
[ 0.00529259  0.24591537  0.00276855 -0.23898983 -0.3329907   0.20914948]
[ 0.5850277   3.0573037   0.07369862 -3.247121   -3.3266659   3.0881324 ]
14
True
[ 0.00087661  0.2365342  -0.01861867 -0.1705347  -0.28257102  0.14016593]
[ 0.4896491   3.108725    0.13147213 -3.2958946  -3.2948287   3.0467055 ]
15
True
[-0.00605673  0.20317127 -0.02520032 -0.10524456 -0.21393037  0.06790686]
[ 0.21720672  3.1807177  -0.39467862 -3.7084944  -3.2626092   3.3201168 ]
16
True
[-0.00087994  0.19155097 -0.0352481  -0.04732147 -0.16324306  0.02429724]
[-0.11892829  3.1580997  -0.8100565  -3.0819354  -3.2877426   1.9092876 ]
17
True
[-0.00396389  0.15821019 -0.02809495 -0.00754681 -0.09647655 -0.00051522]
[ 0.3183199   3.1390567  -1.1390586  -1.2382152  -3.3303096   0.45549956]
18
True
[-0.01661694  0.1664372  -0.04461145 -0.03711772 -0.06627023  0.01785171]
[ 0.12244688  3.13767    -1.0989602  -0.22621655 -3.288144   -0.02320131]
19
True
[-0.01228815  0.13826132 -0.03472641 -0.01040682 -0.01269794  0.00151098]
[-0.34175634  3.0734637  -1.6071922  -0.9895112  -2.2215924   0.40131924]
20
True
[-6.66821003e-03  1.04634821e-01 -1.76881850e-02  3.48955393e-04
  1.32341385e-02  6.31809235e-05]
[-0.32823372  3.06575    -1.6551725  -0.12263272 -0.18317254 -0.00583411]
21
True
[ 0.00702196  0.09328121 -0.0190089  -0.00164375 -0.00114119  0.01799977]
[-2.8974855e-01  3.1315863e+00 -1.1401567e+00  1.8184644e-01
  3.7956196e-01 -2.0521274e-03]
22
True
[ 0.00971335  0.06021243 -0.01699522 -0.00134757  0.01022887  0.00498152]
[ 0.09193266  3.1454117  -0.87768185  0.2426269  -0.26724553  0.48756462]
23
True
[ 0.0094173   0.02536273 -0.01488471  0.00016433  0.01592481  0.00130773]
[ 0.19535673  2.8510823  -0.6956003   0.07064644  0.5232086   0.1018099 ]
24
True
[ 0.01116931  0.00951993 -0.02397141  0.00581163 -0.00071812  0.00376475]
[ 0.27129602  2.1027138  -0.2846061   0.10179597  0.8083235   0.02866561]
25
True
[ 0.00065535  0.05408663 -0.071334   -0.03984168 -0.05611646  0.03055739]
[ 0.39838585  1.6779555  -0.39607716  0.22317709  0.18005754  0.13876079]
26
True
[ 0.00530863  0.04080391 -0.07225776 -0.01237294 -0.02129591  0.02273226]
[ 0.14799896  2.9124725  -1.9437122  -1.2993321  -1.7710675   0.74546206]
27
True
[ 0.00614274  0.00954318 -0.04536393  0.00554767  0.00723135  0.01389968]
[ 0.36869195  2.533262   -2.5223927  -0.08163537 -0.2094855   0.5568521 ]
28
True
[ 0.01085573  0.00871247 -0.03136909  0.01639596 -0.00908828  0.00785339]
[ 0.29561052  1.3819863  -1.680127    0.3641961   0.58183604  0.3477967 ]
29
True
[ 0.00914711  0.00080156 -0.01945555  0.00626516  0.00499284  0.01004839]
[ 0.35181105  1.0939195  -1.1886737   0.5661632  -0.17455699  0.2582756 ]
30
True
[ 0.00687766 -0.00095499 -0.01500505  0.0030883   0.01490092  0.00486231]
[ 0.29489085  0.6321663  -0.7063396   0.2752687   0.38022712  0.25990978]
31
True
[ 0.00388616  0.0444755  -0.0478456  -0.02286962 -0.03023565  0.02114975]
[ 0.26023024  0.51873356 -0.52441555  0.15795168  0.59977424  0.10224815]
32
True
[ 0.00123864  0.03043348 -0.03496724 -0.01741967  0.00302839  0.01760316]
[ 0.20230633  2.112434   -1.9984801  -0.75562125 -1.0833768   0.5176123 ]
33
True
[-0.0034638   0.03256142 -0.03468496 -0.02868649 -0.00962377  0.02030075]
[ 0.16723828  1.6577848  -1.4834919  -0.30258435  0.45556605  0.38798103]
34
True
[ 0.00078845  0.01511931 -0.02105063 -0.00496373 -0.00032151  0.0112617 ]
[ 0.00228038  1.8558214  -1.408873   -0.783708   -0.23719871  0.44140348]
35
True
[ 0.00167465 -0.00224453 -0.01245087 -0.0021508   0.01189172  0.01017082]
[ 0.09372568  1.3123351  -0.70909953  0.06278072  0.2209816   0.2568634 ]
36
True
[ 0.00468326 -0.00863278 -0.01530951 -0.00056797  0.0074662   0.01093948]
[ 0.06209531  0.79948634 -0.21200998  0.07186207  0.60427934  0.2562132 ]
37
True
[ 0.00518554  0.04983163 -0.08239692 -0.04461068 -0.05202615  0.0459218 ]
[ 0.14173634  0.63937795 -0.25477028  0.10225259  0.33714047  0.25513166]
38
True
[ 0.00553459  0.03034163 -0.06815571 -0.02410758 -0.00782204  0.02730048]
[ 0.19483288  2.6895983  -2.7648175  -1.3127527  -1.7932913   1.1763415 ]
39
True
[ 0.0068872   0.00959581 -0.04372793 -0.01331863 -0.00031567  0.02911389]
[ 0.30480802  2.0663593  -2.4746683  -0.36313114  0.30843163  0.565915  ]
40
True
[ 0.00927556  0.01161492 -0.04036331 -0.0069142  -0.01335275  0.02828181]
[ 0.34747902  1.2195824  -1.5409789  -0.10157734  0.409777    0.888134  ]
41
True
[ 9.2425346e-03 -3.0159950e-05 -2.6052654e-02 -1.8763542e-04
  8.2731247e-04  1.0274291e-02]
[ 0.40123597  1.2578219  -1.4208275   0.08221071 -0.30603647  0.5613453 ]
42
True
[ 0.00165308 -0.00930226 -0.01517379 -0.0085429   0.01425588 -0.00697231]
[ 0.36823115  0.7557524  -0.8282058   0.14158015  0.24928279  0.14835276]
43
True
[ 0.00584871 -0.0123322  -0.01227319  0.00122863  0.01175129  0.00763071]
[ 0.16721416  0.36914894 -0.36682576 -0.26594183  0.650918   -0.2588035 ]
44
True
[ 0.01972324  0.01614535 -0.04230726  0.00982279 -0.00438881  0.0186851 ]
[ 0.02062182 -0.18844113 -0.00638576 -0.01687483  0.5322057   0.5556792 ]
45
True
[ 0.01966596  0.01459539 -0.03951693 -0.00226134  0.02199793  0.01202881]
[ 0.22699131  0.46135756 -0.75612867  0.48310268 -0.6025552   0.5191407 ]
46
True
[ 2.7640164e-02  1.5547991e-02 -4.1426003e-02 -4.3213367e-05
  3.9953589e-02  1.4641523e-02]
[-0.04927026 -0.15076438 -0.04848078 -0.22160323  0.39946342  0.48622856]
47
True
[ 0.03816664  0.02665496 -0.05384588  0.00861368  0.03974843  0.01375961]
[ 0.0998844  -0.3692832   0.13620037  0.24776204  0.9586439   0.35967433]
48
True
[ 0.0469209   0.03549111 -0.0641219   0.01088864  0.0413307   0.01469958]
[ 0.21193771 -0.38349313  0.22793344  0.60573936  0.8362564   0.19165638]
49
True
[ 0.0526123   0.05358851 -0.08576965  0.0020698   0.03197849  0.02145433]
[ 0.29387128 -0.33994713  0.1189824   0.8380325   0.6163825   0.09353222]
50
True
[ 0.05725166  0.06182706 -0.09794134 -0.00415564  0.03785074  0.02137148]
[ 0.14019826 -0.30929306  0.24057508  0.54221857  0.4589826   0.26503953]
51
True
[ 0.06225395  0.06547415 -0.10552835 -0.00750545  0.0470221   0.01877952]
[ 0.12542179 -0.5444552   0.47025886  0.68383473  1.0280898   0.0242424 ]
52
True
[ 0.06784803  0.07218635 -0.11666745 -0.00600702  0.04937077  0.01615059]
[ 0.17750368 -0.6840463   0.50471187  0.6860262   1.4017267  -0.23914614]
53
True
[ 0.07349446  0.07595825 -0.12366933 -0.00921366  0.04988062  0.01735818]
[ 0.30297983 -0.73250234  0.49045795  0.64683795  1.5309231  -0.08045445]
54
True
[ 0.07366258  0.07434833 -0.12444592 -0.02638927  0.05536437  0.02687836]
[ 0.3690676  -0.64358866  0.2547265   0.37317547  1.5486646   0.26477373]
55
True
[ 0.07638618  0.07885432 -0.12797183 -0.0260362   0.04670501  0.02366805]
[ 0.3012498  -0.61820203  0.08597027 -0.14564343  1.7293828   0.4327971 ]
56
True
[ 0.06980309  0.07888091 -0.12736243 -0.04583019  0.04714537  0.02623785]
[ 0.38290375 -0.5014756   0.00305407 -0.15179724  1.4601125   0.50450134]
57
True
[ 0.06914207  0.08049548 -0.12544966 -0.041976    0.04102111  0.02420652]
[ 0.2199344  -0.40299496 -0.24263391 -0.91737735  1.4809237   0.5075677 ]
58
True
[ 0.06614596  0.07850063 -0.11899692 -0.04893729  0.03568929  0.03505397]
[ 0.3128482  -0.3326386  -0.21908762 -0.6090009   1.2206514   0.3403207 ]
59
True
[ 0.07250789  0.08326352 -0.11799192 -0.02083445  0.02741879  0.0241642 ]
[ 0.20223348 -0.06359512 -0.6887123  -1.055138    0.97365427  0.9174844 ]
60
True
[ 0.07029843  0.07976031 -0.10770154 -0.02952451  0.02810818  0.02903473]
[ 0.43801305  0.02450873 -0.6754197  -0.01771675  0.6702162   0.6950398 ]
61
True
[ 0.06762779  0.07735944 -0.09639728 -0.03497607  0.0253405   0.02891982]
[ 0.3536568   0.09817546 -0.85752404 -0.54217577  0.7199923   0.81543195]
62
True
[ 0.0638268   0.07781935 -0.08803558 -0.04329085  0.01630718  0.03933358]
[ 0.3949262   0.18564585 -0.8953849  -0.65718424  0.51026464  0.7003803 ]
63
True
[ 0.06169888  0.07502377 -0.07691061 -0.04170686  0.01317155  0.05161202]
[ 0.44537538  0.4893231  -1.2193108  -0.8221772   0.01008818  0.778212  ]
64
True
[ 0.06356725  0.06840205 -0.05917227 -0.02749956  0.01685488  0.04882771]
[ 0.31385702  0.7900434  -1.781648   -1.0803487  -0.12363622  1.7852274 ]
65
True
[ 0.06307086  0.06739187 -0.04925716 -0.03855294  0.00791156  0.06362551]
[ 0.40264124  0.62547576 -1.4052792  -0.35953116  0.02114452  1.311485  ]
66
True
[ 0.06184334  0.0614177  -0.03405905 -0.03707486  0.01065183  0.06296021]
[ 0.39621964  0.83517236 -1.5903141  -0.7830451  -0.3751173   1.869862  ]
67
True
[ 0.0643073   0.05676067 -0.0235281  -0.02104139  0.01949573  0.04524904]
[ 0.3087149   0.5491921  -1.0793439  -0.6316556  -0.13402195  1.7377765 ]
68
True
[ 0.06441769  0.05645871 -0.02172959 -0.02584416  0.02420294  0.03600323]
[ 0.26614055  0.26619783 -0.5619785  -0.1501236   0.112978    1.0854621 ]
69
True
[ 0.05995688  0.06067193 -0.0261668  -0.04934353  0.02115333  0.04512739]
[ 0.15644707  0.16863495 -0.4948822  -0.44163296  0.30447036  0.9202764 ]
70
True
[ 6.3806355e-02  7.3680997e-02 -3.5585523e-02 -3.5900176e-02
 -7.3909760e-06  4.3132126e-02]
[ 0.04445897  0.31326467 -0.7835216  -1.2881898   0.13811633  0.8440154 ]
71
True
[ 0.06623769  0.07862532 -0.03574431 -0.02488106 -0.00606644  0.04642254]
[ 0.28479013  0.7299945  -1.3013316  -0.756745   -0.5818727   0.9935105 ]
72
True
[ 0.06603533  0.08174086 -0.03457487 -0.02449644 -0.01559865  0.05844986]
[ 0.18230174  0.22438064 -0.49132654 -0.46159092 -0.16604157  0.8343921 ]
73
True
[ 0.08057529  0.10890579 -0.06466305  0.01808512 -0.05150318  0.04340005]
[ 0.19691402  0.03767866 -0.14003333 -0.9549901  -0.09033485  2.061891  ]
74
True
[ 0.07664701  0.09850299 -0.05670953 -0.00908655 -0.02074516  0.05125231]
[ 0.2223191   0.02459135 -0.03475374  1.2214934  -1.9590311   0.9906447 ]
75
True
[ 0.07689768  0.09012949 -0.05143833 -0.01162773 -0.00403571  0.03791904]
[ 0.11486372 -0.04487128  0.04183182 -0.44160956 -0.18367386  1.2919531 ]
76
True
[ 0.07081479  0.10369563 -0.07146811 -0.03367996 -0.03517914  0.07165453]
[ 0.16029789 -0.01299541 -0.00890685 -0.58883405  0.35991666  0.8940577 ]
77
True
[ 0.04729521  0.08812106 -0.06701636 -0.11421895 -0.02298129  0.14046162]
[ 0.16291198 -0.02834528  0.11665991 -1.7399591  -1.1410416   2.2759328 ]
78
True
[ 0.05172491  0.1132257  -0.09695327 -0.05164844 -0.04985213  0.1110023 ]
[ 0.36493334 -0.00583444 -0.05691601 -3.3707182  -0.59533703  3.2834682 ]
79
True
[ 0.0417262   0.11637461 -0.10351217 -0.03685445 -0.04262984  0.0954074 ]
[ 0.17870732 -0.02988797  0.1543254  -2.4423904  -1.715171    3.384065  ]
80
True
[ 0.04348594  0.13370788 -0.12533629 -0.01474553 -0.05830514  0.07562532]
[ 0.10802919 -0.02291539  0.12532292 -1.5649571  -1.2208042   3.1733088 ]
81
True
[ 0.05493063  0.16221476 -0.15338445  0.0104599  -0.11166751  0.10614355]
[-5.1417574e-04 -1.8261686e-02  1.2072906e-01 -3.7079141e-01
 -1.8703793e+00  2.3335729e+00]
82
True
[ 0.05776992  0.178787   -0.17965364 -0.0129298  -0.12178397  0.15749548]
[-0.17385902  0.00413083  0.17363448  0.01082066 -2.8062713   3.248908  ]
83
True
[ 0.06949615  0.16718936 -0.15263009  0.03117436 -0.11417425  0.20480508]
[ 0.01631169 -0.005351    0.1183553  -0.79150796 -2.1787055   2.9059498 ]
84
True
[ 0.06924763  0.16727686 -0.15345025  0.01056021 -0.07844186  0.16859601]
[ 0.18371272  0.07609969 -0.10422958  1.2738748  -2.6448383   2.974815  ]
85
True
[ 0.08424905  0.15264201 -0.1178329   0.06548417 -0.06466115  0.17926297]
[ 6.9809772e-02  2.7608296e-02  2.8484040e-03  8.1051886e-03
 -2.6498449e+00  3.0349941e+00]
86
True
[ 0.11209732  0.19272578 -0.15069926  0.1116336  -0.12708926  0.18269882]
[ 0.372007   -0.01532527 -0.22846323  2.0384164  -0.8814752   3.0698133 ]
87
True
[ 0.12666377  0.20191324 -0.14751506  0.13215715 -0.15958774  0.20971882]
[ 0.8066638   0.00928546 -0.2800003   3.6782956  -1.670062    3.3744502 ]
88
True
[ 0.12897551  0.19913423 -0.13374424  0.122949   -0.16401231  0.20951496]
[ 1.126513    0.07554843 -0.53213274  3.3715365  -1.2155192   3.3016596 ]
89
True
[ 0.12607914  0.18686879 -0.10114908  0.12191898 -0.1551441   0.18359365]
[ 1.4748678   0.21356945 -0.9140886   3.7132347  -0.9779847   3.258319  ]
90
True
[ 0.12028062  0.18104231 -0.07901859  0.10891581 -0.15082932  0.14062765]
[ 1.4914472   0.25443012 -1.048667    3.8296757  -1.248574    3.223333  ]
91
True
[ 0.11014968  0.16745853 -0.0486784   0.07752103 -0.12308121  0.08787286]
[ 1.2856665   0.22641139 -0.97505003  3.818179   -1.578239    3.2341452 ]
92
True
[ 0.09978595  0.16279519 -0.03462219  0.03644109 -0.09900665  0.04039371]
[ 1.0072008   0.20954624 -0.9079929   3.4396305  -2.0309253   3.028488  ]
93
True
[ 0.10058245  0.15611017 -0.01533401  0.05335018 -0.06147957  0.00344566]
[ 0.8459025   0.13397638 -0.6985758   1.5792063  -2.931571    0.8413992 ]
94
True
[ 9.4679028e-02  1.5079784e-01 -3.6954880e-06  4.4095308e-02
 -2.5911927e-02 -2.2556186e-03]
[ 1.1891363   0.15876666 -0.6520781   2.5667975  -2.25139    -0.00472824]
95
True
[ 0.08333197  0.14030027  0.01991856  0.02850738 -0.00588489  0.00548983]
[ 1.387515    0.12634814 -0.40655777  2.3100717  -1.0027709  -0.08067165]
96
True
[ 0.06306013  0.13846421  0.02497935  0.0033876  -0.00382924 -0.00149116]
[ 1.5770136  -0.05596215  0.26258424  1.7808999  -0.4851883   0.09695612]
97
True
[ 0.05121657  0.13786256  0.02418149  0.02427715 -0.00502646 -0.00096676]
[ 1.3221794  -0.14283277  0.54107356  0.8039461  -0.290003   -0.10651086]
98
True
[ 0.03926784  0.13822162  0.0216471   0.02395114 -0.01025867  0.00493661]
[ 1.1032511  -0.13863254  0.54780513  1.5127897  -0.36380965 -0.09780018]
99
True
[ 0.0297409   0.13737035  0.02392662  0.00954181 -0.00760746 -0.00321251]
[ 0.6282987  -0.1104755   0.43142667  1.4438037  -0.58708096  0.07387042]
100
True
[ 0.03665617  0.13891089  0.0211935   0.02782321 -0.00831497 -0.0064413 ]
[ 0.21133238 -0.06456898  0.26587942  1.0870721  -0.50157475 -0.12636095]
101
True
[ 0.03955656  0.13760817  0.02331781  0.01574928 -0.00169539 -0.00768414]
[ 0.08148995 -0.06968264  0.30047765  1.3734295  -0.4927637  -0.15983588]
102
True
[ 0.04284251  0.13962233  0.01961434  0.00700536 -0.00366533 -0.01085639]
[ 0.04059163 -0.07615661  0.2967542   0.6452724  -0.2569787  -0.18982573]
103
True
[ 0.04605737  0.1373285   0.02154374  0.00821102 -0.00385523 -0.00385097]
[ 0.02441883 -0.02057108  0.08806866  0.22050604 -0.25641483 -0.27479982]
104
True
[ 0.05108903  0.13828695  0.02092707  0.01490921 -0.01017237 -0.00292474]
[ 0.10168526 -0.06393161  0.23366785  0.52556765 -0.27335542 -0.11467479]
105
True
[ 0.05906804  0.13997829  0.01672912  0.03093132 -0.01162565  0.00368464]
[ 0.18914881 -0.06482335  0.26931942  0.99401355 -0.48806375 -0.11570336]
106
True
[ 0.05954677  0.14007676  0.01362467  0.01521578 -0.00982428  0.00121331]
[ 0.3174188  -0.02550539  0.14472498  1.6907688  -0.5658496   0.08438184]
107
True
[ 0.05903009  0.13285077  0.02601576  0.00707099 -0.00564563 -0.00952855]
[ 0.25955012  0.00725395  0.0213989   1.0035712  -0.5107523   0.01912285]
108
True
[ 6.5628737e-02  1.3109517e-01  2.2548676e-02  2.3363352e-02
 -1.5462041e-02  3.3289194e-05]
[ 0.48128203 -0.05787584  0.23730141  1.029189   -0.5250397  -0.27975178]
109
True
[ 0.0656063   0.11886883  0.03367782  0.01993644 -0.00990236  0.00044155]
[ 0.69321406 -0.06426635  0.26032093  1.5511503  -0.9210969  -0.02473088]
110
True
[ 0.05780776  0.11196029  0.03717816  0.00235236 -0.00750625 -0.0066303 ]
[ 0.90481174 -0.17199458  0.65457094  1.2346463  -0.58753127 -0.05317856]
111
True
[ 0.05468255  0.10358024  0.03647482  0.01370636 -0.00785041 -0.00101224]
[ 0.8577124  -0.2502784   0.93090385  0.52931494 -0.4502359  -0.2231722 ]
112
True
[ 0.04548192  0.08621275  0.0496434   0.00275576 -0.00046778 -0.00574061]
[ 0.8826663  -0.23707163  0.91332954  0.9328077  -0.5686432  -0.04901252]
113
True
[ 0.04342414  0.0819236   0.03860378  0.01514043 -0.00792241  0.00492218]
[ 0.7333948  -0.24141186  0.9420787   0.32624182 -0.15203233 -0.16835155]
114
True
[ 0.03726913  0.06510651  0.05090141  0.00053766 -0.00090814 -0.00621873]
[ 0.65261954 -0.19304164  0.77658564  0.93200064 -0.6571382   0.07490098]
115
True
[ 0.03784691  0.05451369  0.05093205  0.00716384 -0.00421393  0.00167471]
[ 0.4358125  -0.16786544  0.6669802   0.07158975 -0.06810673 -0.17795777]
116
True
[ 0.03696321  0.04041791  0.05671513  0.0021441  -0.00397515  0.00074822]
[ 0.364036   -0.10210208  0.39832747  0.27692533 -0.31008744  0.02999752]
117
True
[ 0.04080327  0.02739036  0.06034863  0.01073459 -0.00278986  0.0021888 ]
[ 0.31350777 -0.03542934  0.17937353 -0.00316474 -0.21609907  0.04324651]
118
True
[ 0.04378925  0.01462615  0.05921566  0.01852664 -0.00338674  0.01143509]
[ 0.60084456 -0.13928999  0.6636349   0.43755558 -0.36639604  0.11948054]
119
True
[ 0.03862134  0.00755417  0.04520798  0.01114194 -0.0042007   0.00426477]
[ 0.9756502  -0.33634123  1.5824741   0.78220266 -0.69411707  0.36988497]
120
True
[ 0.03443721  0.0023582   0.02385414  0.01869176 -0.00549209  0.00597161]
[ 0.9638281  -0.24739164  1.2899429   0.41956025 -0.61763066  0.1947093 ]
121
True
[ 0.02890167 -0.00895607  0.01967299  0.01502906 -0.00723743  0.00099272]
[ 0.91503257 -0.10604688  0.60635597  0.6837879  -0.6587999   0.21671097]
122
True
[ 0.02628603 -0.01723444  0.01415002  0.01922734 -0.00736773 -0.0014964 ]
[ 0.9564605  -0.14013948  0.75304025  0.55263704 -0.7358249   0.09992564]
123
True
[ 0.02904168 -0.02639878  0.00417113  0.03808527 -0.00676751  0.01230115]
[ 1.0437071  -0.10549884  0.6563588   0.811216   -0.7523418   0.0484951 ]
124
True
[ 0.0169722  -0.03645217  0.0050981   0.00414653 -0.00677252 -0.00072265]
[ 1.1830227  -0.09147236  0.40826762  1.2635944  -0.7424872   0.38390112]
125
True
[ 0.00819213 -0.0457257   0.00803006 -0.01108564 -0.00781977 -0.0135324 ]
[ 0.9311995  -0.3875906   0.5858375   0.08771434 -0.62862897  0.05444452]
126
True
[ 0.00703286 -0.05094635  0.00564647 -0.00309277 -0.00766683 -0.00221208]
[ 0.7412158  -0.71133333  0.7248726  -0.14014107 -0.6985537  -0.21743946]
127
True
[ 0.01087109 -0.04664707 -0.00203311  0.00835791 -0.00722671  0.00241211]
[ 0.6397255  -0.92688054  0.60714495  0.12917703 -0.71486294  0.07527498]
128
True
[ 0.01134153 -0.04445398  0.00202167 -0.00439881 -0.00662518  0.00493768]
[ 0.6305387  -0.90690225  0.181963    0.45744994 -0.71468484  0.16408399]
129
True
[ 0.02515406 -0.04667974  0.01015341  0.01363277 -0.00694299  0.01578045]
[ 0.559307   -1.0418272   0.26082492 -0.01261914 -0.7367588   0.22230223]
130
True
[ 0.03093933 -0.02380025 -0.01132357  0.02640113 -0.00699461  0.00211319]
[ 0.8800095  -1.2401446   0.54728186  0.7372503  -0.86989766  0.49113077]
131
True
[ 0.02649343 -0.02164233  0.00040698 -0.00358182 -0.00418496  0.00418371]
[ 1.1050501  -0.5353802  -0.55442303  1.0057409  -0.7284785   0.10268068]
132
True
[ 0.02817428 -0.02098691  0.01021063  0.00697786 -0.0053165  -0.00071526]
[ 1.06267    -0.62522197 -0.0394996  -0.05361926 -0.5712005   0.20740975]
133
True
[ 0.02569979 -0.01906562  0.0122962   0.00394602 -0.0057385  -0.0055314 ]
[ 1.2124925  -0.60876125  0.34574258  0.3894621  -0.70748913  0.06363434]
134
True
[ 0.02600997 -0.01645613  0.00523651  0.01297045 -0.00455642 -0.00904134]
[ 1.225452   -0.46418858  0.4477671   0.3146637  -0.69732785 -0.02360038]
135
True
[ 0.01898789 -0.01585317  0.00201869 -0.00306191 -0.00355005 -0.00586271]
[ 1.2709877  -0.19223727  0.19777481  0.63158214 -0.6894148  -0.08924446]
136
True
[ 0.01868728 -0.0178709  -0.00232196  0.00547481 -0.00352824 -0.00360548]
[ 1.1106294  -0.06433281  0.11195861  0.10794312 -0.65273476  0.03178585]
137
True
[ 1.6316563e-02 -2.2586226e-02 -2.4443865e-03 -4.5821071e-05
 -3.6401749e-03  3.8849413e-03]
[ 1.0775419e+00  5.8845803e-04  1.1086315e-03  4.2533231e-01
 -6.8225765e-01  7.3115960e-02]
138
True
[ 0.02126196 -0.02102804 -0.01083755  0.01572181 -0.00418341  0.00392002]
[ 0.95720345 -0.09617608  0.06637923  0.17974888 -0.6562714   0.2591163 ]
139
True
[ 0.02000992 -0.01882994 -0.01208115  0.0017909  -0.00388956  0.00019935]
[ 1.0311463   0.00773499 -0.27285397  0.69517833 -0.6361443   0.22381209]
140
True
[ 0.02442373 -0.0212394  -0.00821245  0.00845872 -0.00317919  0.00563008]
[ 0.9640842   0.02112149 -0.37050736  0.24284403 -0.67251647  0.16719776]
141
True
[ 0.02424897 -0.0143404  -0.0141046   0.00895891 -0.00529301  0.00657052]
[ 1.0720965  -0.11678326 -0.17114814  0.89080787 -0.50516844  0.48380536]
142
True
[ 0.0251514  -0.01545906 -0.01008928  0.01039964 -0.00330484  0.00494695]
[ 1.1160074   0.09869553 -0.5277119   0.6322704  -0.75434583  0.39371988]
143
True
[ 0.02464563 -0.01273823 -0.01092553  0.01231766 -0.00363839  0.00827309]
[ 1.1551136   0.01392381 -0.32773745  0.6927001  -0.6103186   0.36881042]
144
True
[ 0.01869833 -0.00723922 -0.01214588  0.00261748 -0.00402021 -0.0016008 ]
[ 1.171361    0.10783275 -0.39680076  0.7729906  -0.66292745  0.48631948]
145
True
[ 1.5471309e-02 -8.3769560e-03 -6.2433481e-03 -2.0474195e-05
 -3.9476156e-03 -5.4175854e-03]
[ 1.0565987   0.26130065 -0.48778665  0.48985302 -0.64461637  0.25225437]
146
True
[ 0.0151329  -0.00532508 -0.00992262  0.00878218 -0.00368416  0.00272471]
[ 0.95771813  0.21329184 -0.21453428  0.44888628 -0.65878403  0.18749052]
147
True
[ 0.01705238 -0.00524962 -0.01199305  0.01285234 -0.00358629  0.00241181]
[ 0.91610754  0.391337   -0.38033146  0.7594694  -0.6694008   0.39023936]
148
True
[ 0.02345833 -0.00293553 -0.01921296  0.02843814 -0.00349247  0.00610101]
[ 0.891266    0.45592582 -0.3996845   0.803479   -0.5859194   0.3563115 ]
149
True
[ 0.01870656 -0.00302529 -0.01422632  0.00887675  0.00845683 -0.00556862]
[ 1.0015885   0.60931325 -0.64384604  1.1612023  -0.43182504  0.40178448]
150
True
[ 0.02358863 -0.00090504 -0.01944399  0.02100343  0.00141823  0.00211963]
[ 0.89909786  0.5527586  -0.49681506  0.5606457  -0.14492399  0.1332698 ]
151
True
[ 0.02467841 -0.00357139 -0.01970434  0.01641069 -0.00468111  0.00707498]
[ 1.0293382   0.7258125  -0.7097908   1.096586   -0.4963562   0.35666302]
152
True
[ 0.02343333 -0.0098567  -0.0144223   0.00639216 -0.00422597  0.00430533]
[ 1.0625428   0.67053187 -0.62951547  0.9299296  -0.59556365  0.46999133]
153
True
[ 0.01841789 -0.01118171 -0.01320791 -0.00011873  0.00298643 -0.00325525]
[ 1.0624481   0.47147405 -0.36132085  0.6744527  -0.57552344  0.41756213]
154
True
[ 0.01789755 -0.00520396 -0.02368975  0.01263845 -0.0042429   0.00107297]
[ 1.0019544   0.40430933 -0.3506226   0.49684307 -0.27332526  0.23152028]
155
True
[ 0.01402852 -0.00540161 -0.02284598  0.01816639  0.00704527 -0.00283757]
[ 0.99884856  0.6510204  -0.8327529   0.9172429  -0.62065005  0.34410322]
156
True
[ 0.00555485 -0.00597954 -0.01553929 -0.00247844  0.00281739 -0.00999925]
[ 0.8903363   0.57160556 -0.777527    1.0101416  -0.11417103  0.2303599 ]
157
True
[ 0.00843585 -0.00487399 -0.01777291  0.01278426 -0.0052923  -0.00462365]
[ 0.62534165  0.46504048 -0.47813866  0.34534997 -0.25721565  0.06159629]
158
True
[ 0.00972983  0.00562298 -0.0258261   0.0124358  -0.00125229 -0.01077691]
[ 0.1864898   0.0642591  -0.29813892  1.0777545  -0.50925756  0.14862493]
159
True
[ 0.01463988  0.01666999 -0.03551352  0.00588056 -0.00448513 -0.00768054]
[ 5.5408627e-02  4.1100278e-02 -1.1006308e-01  8.4142762e-01
 -1.0968593e-01  7.1541965e-04]
160
True
[ 0.01750839  0.0223881  -0.03597891 -0.00380464 -0.01181149 -0.00551546]
[ 0.04097038  0.00846414 -0.06098615  0.42861015 -0.09157948  0.04205626]
161
True
[ 0.02529529  0.0322119  -0.04705262  0.01582158 -0.01131225  0.00027218]
[ 0.06901156  0.01831222 -0.11179411  0.18139863 -0.4253442   0.10795032]
162
True
[ 2.88603306e-02  3.92279625e-02 -5.05937338e-02  1.39462873e-02
 -1.37370825e-02  1.19209290e-06]
[ 0.00756427 -0.02286011  0.09300229  0.62137026 -0.19435513  0.21060686]
163
True
[ 0.03219908  0.04303885 -0.05143261  0.00877716 -0.01546884 -0.00485119]
[ 0.04864703  0.02697249 -0.03640942  0.8055594  -0.79004514  0.2594207 ]
164
True
[ 0.03295958  0.05057561 -0.05524898  0.00047289 -0.0142082  -0.00585464]
[ 0.0384501  -0.00811424  0.04915509  0.8793168  -0.7389478   0.08657906]
165
True
[ 3.8174957e-02  5.5708528e-02 -6.1766505e-02  9.3889087e-03
 -1.4368057e-02 -5.9694052e-05]
[ 0.02815189 -0.00832161  0.03511017  0.5442002  -0.7686466   0.12237862]
166
True
[ 0.03441763  0.05927444 -0.06037879 -0.00583607 -0.01262033 -0.00341123]
[ 0.03548439 -0.01418614  0.02618278  0.6491006  -0.7738552   0.24651375]
167
True
[ 0.03491697  0.06596172 -0.06601787 -0.00288333 -0.01196313 -0.00124612]
[ 0.09904338  0.02820473 -0.13643385  0.09403387 -0.79803026  0.15747932]
168
True
[ 0.0302223   0.07702541 -0.07246804 -0.01260832 -0.01526904 -0.0121288 ]
[ 0.08238425  0.02069811 -0.13152047  0.41981795 -0.7620973   0.21608178]
169
True
[ 0.03169811  0.08551967 -0.08001113 -0.0016107  -0.02094162 -0.00474358]
[ 0.0717181  -0.0184255  -0.04238835 -0.24888653 -0.9048604  -0.08186062]
170
True
[ 3.1372368e-02  9.4537020e-02 -8.6661696e-02 -4.9397349e-05
 -2.1720529e-02 -6.6832602e-03]
[ 0.11641125  0.0251958  -0.10091279  0.8314853  -1.267358    0.14798094]
171
True
[ 0.03228611  0.10416687 -0.09397268  0.00013316 -0.01959944 -0.01009321]
[ 0.05287924 -0.02135934  0.02337511  0.32930177 -1.2543924   0.05096542]
172
True
[ 0.03980002  0.11437201 -0.10652757  0.0180655  -0.02429616  0.00222248]
[ 0.05961224 -0.01389014  0.00307372  0.39191824 -1.2181414  -0.03457477]
173
True
[ 0.03704765  0.12528348 -0.11222088  0.00573888 -0.01854944 -0.01049662]
[ 0.06504621 -0.04081037  0.08982914  1.154085   -1.360076    0.30045098]
174
True
[ 0.04389542  0.13164341 -0.11829245  0.0186872  -0.02012861  0.00217712]
[ 0.03365883 -0.02542333  0.07303841  0.6774605  -1.2046452  -0.03928894]
175
True
[ 0.05306962  0.13657713 -0.12473369  0.02734454 -0.02748001  0.00847456]
[ 0.09826766  0.0028612  -0.01125464  1.0386965  -1.343583    0.31206235]
176
True
[ 5.3268820e-02  1.3822019e-01 -1.1926925e-01  1.8695876e-02
 -1.1437058e-02  1.6570091e-05]
[ 0.07752667 -0.01959783  0.05014734  1.4238     -1.6115794   0.4349984 ]
177
True
[ 0.0535861   0.15194035 -0.13087988  0.01603626 -0.01768744  0.00113797]
[ 0.07479945  0.01700821 -0.04510226  0.97931415 -0.83785176  0.2236167 ]
178
True
[ 0.06346908  0.1609174  -0.1422602   0.03849462 -0.02923918  0.00525832]
[ 0.05101006 -0.00626856  0.01000823  0.86713266 -1.1338887   0.2564626 ]
179
True
[ 0.05140626  0.15831435 -0.12305617 -0.0227052  -0.02243876 -0.02168342]
[ 0.08925626 -0.0068041   0.03204112  1.798218   -1.657511    0.3475786 ]
180
True
[ 0.04656753  0.15921855 -0.11490381 -0.01315092 -0.00923884 -0.01009566]
[ 0.15841416  0.03184437 -0.17079273 -0.67333174 -1.3824937  -0.30608672]
181
True
[ 0.0715692   0.17753732 -0.15498269  0.08730322 -0.02788258  0.01545417]
[ 0.11535535  0.02500606 -0.13644743 -0.18464836 -0.7908976   0.01769364]
182
True
[ 0.07624748  0.18117177 -0.16366005  0.0745804  -0.02823925  0.00568706]
[ 0.23442234  0.01328367 -0.1154551   3.1227489  -1.6142474   0.53577006]
183
True
[ 0.05068901  0.17010677 -0.12669623 -0.03912575 -0.01049423 -0.04343429]
[ 0.14717883 -0.02427591  0.04917512  3.0279708  -1.4220604   0.30736864]
184
True
[ 0.06597623  0.1824894  -0.15370667  0.03243405 -0.027439    0.00053626]
[ 0.11267748  0.00493688 -0.13561271 -2.150398   -0.6813366  -0.9637178 ]
185
True
[ 0.06885758  0.1844871  -0.15779567  0.04352845 -0.02811408  0.00276345]
[ 0.25909808  0.05677592 -0.25487894  2.183556   -1.670568    0.2860516 ]
186
True
[ 0.05984595  0.17681265 -0.1393249  -0.00590359 -0.01802194 -0.01133218]
[ 0.08387107 -0.00643941  0.03240217  1.7454791  -1.4635969   0.20043497]
187
True
[ 0.0462938   0.16925645 -0.1179558  -0.04084887 -0.01674867 -0.01982227]
[ 0.05934824 -0.00200282 -0.06017503 -0.64597356 -1.0262872  -0.16325113]
188
True
[ 0.03995231  0.16788256 -0.11040962 -0.02086781 -0.01934803 -0.01415735]
[ 0.10929953  0.02469685 -0.14138299 -2.0378203  -0.9828067  -0.35593665]
189
True
[ 0.03847438  0.17080736 -0.11207688  0.01112843 -0.02156937 -0.00612372]
[ 0.0591609  -0.01211852 -0.03019437 -0.9132164  -1.1176152  -0.2051942 ]
190
True
[ 0.05289769  0.1846261  -0.14400935  0.06298666 -0.03062129  0.00556073]
[ 2.0092739e-02 -1.7970141e-02  3.0074220e-02  4.5396039e-01
 -1.2176269e+00  4.8109517e-04]
191
True
[ 0.05287263  0.18704975 -0.14987063  0.03514556 -0.03019166  0.00135943]
[ 0.11118089 -0.02096668  0.06074036  2.5551584  -1.5843477   0.24043424]
192
True
[ 0.05093831  0.18872118 -0.15281045  0.01094885 -0.02671397 -0.00090083]
[ 0.06081385 -0.02040891  0.03804341  1.1371344  -1.4622518   0.12641639]
193
True
[ 0.05254307  0.19253397 -0.16108227  0.02234507 -0.0229615   0.00050512]
[ 0.01820994 -0.02571903  0.03340499  0.3739336  -1.2860781   0.10000155]
194
True
[ 0.0441272   0.19200194 -0.15761614 -0.00804316 -0.02421808 -0.01127768]
[ 5.7351276e-02 -8.0219470e-04  3.6285110e-03  1.0336910e+00
 -1.2360388e+00  1.3306788e-01]
195
True
[ 0.03401104  0.19197893 -0.15438068 -0.02873036 -0.02261531 -0.01510495]
[ 0.0350236  -0.03302843  0.04193496 -0.5923313  -1.2573825  -0.1918793 ]
196
True
[ 0.02769688  0.18945944 -0.14854121 -0.02767155 -0.02694249 -0.01231894]
[ 0.05875049 -0.01413702 -0.02116889 -1.3151976  -1.1489215  -0.25914028]
197
True
[ 0.0101476   0.19331622 -0.15148628 -0.04666276 -0.01549315 -0.02397163]
[ 0.04552957 -0.02485006  0.01804575 -1.0084324  -1.3456557  -0.19589294]
198
True
[ 0.00077876  0.19441593 -0.15030754 -0.03709933 -0.02046371 -0.01527725]
[ 0.07676946  0.00535807 -0.11057077 -1.6597787  -0.8272555  -0.49363947]
199
True
[-0.03287995  0.19076931 -0.14384103 -0.09932703 -0.00529873 -0.02613211]
[ 0.02459565 -0.02299454 -0.02847776 -1.1563994  -1.1301097  -0.24949251]
200
True
[-0.08930752  0.18176496 -0.14278233 -0.21809787  0.02805209 -0.02240996]
[-0.13892251  0.03304821 -0.27133477 -3.1099782  -0.61565095 -0.5264924 ]
201
True
[-0.14503098  0.18842888 -0.1777544  -0.33458057  0.03103662  0.00055355]
[-0.3983606   0.08986162 -0.45202354 -3.083428    0.721668   -0.43027058]
202
True
[-0.16053015  0.18703735 -0.18825948 -0.35621092  0.00920308  0.01028888]
[-1.1461875   0.15471743 -0.7021153  -3.2006228   0.59403265  0.12543064]
203
True
[-0.18212087  0.2012775  -0.2270068  -0.42887652  0.00257158  0.01731223]
[-1.739094    0.20256081 -0.9717801  -3.1581445  -0.26358417  0.3050519 ]
204
True
[-0.1780033   0.21039951 -0.24218535 -0.44708502  0.00446057 -0.05602787]
[-2.376165    0.24815685 -1.1502784  -3.37308    -0.15394016  0.52400184]
205
True
[-0.15768148  0.2142644  -0.23335826 -0.41873324 -0.00500059 -0.07557615]
[-2.302585    0.23379168 -1.0594996  -3.3958473  -0.16547284 -1.4497619 ]
206
True
[-0.13707045  0.1958245  -0.17866397 -0.35128367  0.03663182 -0.1976189 ]
[-2.0797818   0.30715996 -1.2933564  -3.2244701  -0.6256847  -2.260527  ]
207
True
[-0.10980219  0.18579602 -0.13313913 -0.28862977  0.01422262 -0.23038197]
[-2.1011677   0.54223734 -1.8804153  -2.8020532   1.1006485  -2.9494581 ]
208
True
[-0.08292845  0.1749978  -0.08289587 -0.22074348 -0.00572836 -0.26173124]
[-1.7650809   0.49790704 -1.7070963  -2.3172238  -0.20745233 -2.9387293 ]
209
True
[-0.07580468  0.08861566  0.05993354 -0.14929378  0.11308181 -0.31972152]
[-1.2369998   0.47463942 -1.6748779  -1.8746328  -0.18741192 -3.121248  ]
210
True
[-0.04451787  0.04752052  0.14104581 -0.02616441  0.10450613 -0.37958837]
[-1.6810905   0.24105942 -0.5227017  -2.0329313   3.0357766  -3.054241  ]
211
True
[ 0.01113851 -0.02023613  0.24623549  0.1906749   0.13949835 -0.4910028 ]
[-0.9679478  -0.11147028  0.14646617 -0.40447477  2.9480162  -2.9107378 ]
212
True
[ 0.00882019 -0.0095706   0.21861446  0.15917218  0.08108091 -0.5054325 ]
[-0.05228316 -1.005618    2.51976     3.231281    2.3777378  -2.978259  ]
213
True
[-0.0144414   0.01540494  0.16918635  0.08906025  0.01859581 -0.50983214]
[ 0.38216683 -1.1864747   2.4409816   3.472387    1.8851438  -3.1558957 ]
214
True
[-0.04086091  0.03529787  0.11817372  0.01549375 -0.01021707 -0.51915485]
[-0.00685671 -0.19962096  2.177249    2.6629252  -0.3001532  -3.0523753 ]
215
True
[-0.06108938  0.03956091  0.06367326 -0.02528876 -0.01116419 -0.5347274 ]
[-0.94487286  0.50079525  2.5945463  -0.23006862 -1.376684   -3.0309966 ]
216
True
[-0.07978445  0.04129422  0.03449607 -0.03414512 -0.01283514 -0.55345416]
[-0.6726031  -0.28150874  1.2145138  -1.1520107  -1.187336   -3.0702436 ]
217
True
[-0.09686278  0.03927839  0.01963139 -0.03222549 -0.00958478 -0.55212975]
[-0.8471542  -0.14957762  0.7001249  -1.5815476  -0.9646288  -2.9580455 ]
218
True
[-0.11202879  0.03164291  0.01556063 -0.03423631 -0.00447345 -0.5371828 ]
[-1.1139909  -0.06726471  0.3606497  -1.3716955  -1.0589812  -3.052776  ]
219
True
[-0.11310893  0.02362788  0.01446152 -0.02273893 -0.00957453 -0.517394  ]
[-1.7835804  -0.07136921  0.38012937 -1.5444547  -0.7687885  -3.0717144 ]
220
True
[-0.11048069  0.00970137  0.0164659  -0.0266335  -0.00764024 -0.4962216 ]
[-2.2495046  -0.07582931  0.39920157 -1.179682   -0.9359994  -3.0483494 ]
221
True
[-0.09134033 -0.00332928  0.01773024 -0.01906645 -0.01413357 -0.46438217]
[-2.8910847  -0.10590193  0.5447322  -1.3719679  -0.8712625  -3.0494988 ]
222
True
[-0.06346819 -0.02533674  0.02948797 -0.00926864 -0.01750076 -0.41862887]
[-3.1238503  -0.13610378  0.6697515  -1.0083007  -1.0876372  -3.0430093 ]
223
True
[-0.03149012 -0.04248047  0.02948987 -0.02358079 -0.02234817 -0.35282892]
[-3.1317694  -0.4498395   1.3083963  -0.77592576 -1.1545657  -2.9699807 ]
224
True
[ 0.00139698 -0.05636609  0.02337599 -0.02434021 -0.03021789 -0.2757529 ]
[-2.6442695 -0.7632755  1.4984831 -1.1698291 -1.2948881 -2.8707893]
225
True
[ 0.0622077  -0.11561048  0.10240167  0.19820356 -0.01946354 -0.36830628]
[-1.683545  -1.0677891  1.3954378 -1.1696266 -1.4516271 -2.8047962]
226
True
[ 0.06145758 -0.12164772  0.09138089  0.16385627 -0.03108895 -0.31168294]
[ 0.56983626 -2.138533    3.1449955   4.0114055  -0.71376395 -2.6495001 ]
227
True
[ 0.03967082 -0.10385025  0.05840033  0.11550325 -0.05827975 -0.2656362 ]
[ 1.3586783 -2.2138817  3.0854344  3.7455988 -1.201941  -2.8423822]
228
True
[ 0.00027953 -0.09065986  0.02146769  0.04692668 -0.04773235 -0.20008695]
[ 1.3549033 -2.1666648  2.7462263  3.1070971 -2.243757  -2.963779 ]
229
True
[-0.02594169 -0.07461917 -0.00343162  0.02240849 -0.04855883 -0.13720918]
[ 0.4369473  -2.3007271   1.7072119   0.19361222 -1.4589701  -2.957599  ]
230
True
[-0.04202496 -0.06286305 -0.0089525   0.01612788 -0.04296458 -0.0764097 ]
[-0.29503977 -2.027674    0.38911328 -0.30817658 -1.6852726  -3.0285978 ]
231
True
[-0.05939829 -0.05923599 -0.00151801  0.00872454 -0.0513134  -0.03417492]
[-0.99774283 -1.9690804  -0.09117278 -0.38510317 -1.45744    -2.2342691 ]
232
True
[-0.0561692  -0.04938841  0.00873524 -0.00190711 -0.04267216 -0.00636721]
[-1.811605   -2.1645987   0.09466994 -0.784468   -1.6244001  -0.6131819 ]
233
True
[-0.03363661 -0.04307324  0.02563947  0.0045684  -0.02717197  0.01378524]
[-2.175983   -2.096867    0.31465963 -0.73992854 -1.4734102   0.04540726]
234
True
[-0.02280867 -0.04505122  0.04035521 -0.01737311 -0.01918125 -0.00026321]
[-1.9365784  -2.037677    0.8590122  -0.25090194 -1.1119787   0.55072904]
235
True
[-0.00936128 -0.06926078  0.07381052 -0.01302326  0.00381052  0.00798082]
[-1.7675532  -2.059046    1.4972419  -1.1671813  -0.8996494   0.10074463]
236
True
[-0.00276129 -0.06897855  0.06643051 -0.01672047 -0.00321221  0.00560987]
[-1.2543174  -2.7785552   2.9451103  -0.68932414 -0.1473389   0.3511492 ]
237
